name: rrh

model_type: regression

fit_filters: null

predict_filters:
- general_type == 'Residential'

model_expression: np.log1p(rent) ~ np.log1p(unit_sqft) + sum_residential_units + ave_unit_sqft
    + ave_lot_sqft + jobs

ytransform: np.exp

fitted: true

fit_parameters:
    Coefficient:
        Intercept: 2.893955849268845
        ave_lot_sqft: 0.003139355871165638
        ave_unit_sqft: -0.048074181659894404
        jobs: 0.028225289800596784
        np.log1p(unit_sqft): -0.18225223819654482
        sum_residential_units: -0.022742290449124333
    Std. Error:
        Intercept: 0.4577106591603438
        ave_lot_sqft: 0.013928515181536325
        ave_unit_sqft: 0.033037228448105097
        jobs: 0.012281026853166961
        np.log1p(unit_sqft): 0.03368183423803036
        sum_residential_units: 0.024521028379018872
    T-Score:
        Intercept: 6.322675234563508
        ave_lot_sqft: 0.22539056247195507
        ave_unit_sqft: -1.4551517762880553
        jobs: 2.298284185684213
        np.log1p(unit_sqft): -5.410995045832829
        sum_residential_units: -0.9274607123975072

fit_rsquared_adj: 0.1774302973130456

fit_rsquared: 0.20134220727487562
